{'eng_160k_6': {'bl': 0.4681129605386198,
  'mnb': 0.49379714481640796,
  'cnb': 0.4836356835608753,
  'sgd': 0.5378093635060158,
  'lsvc': 0.5336949068013216,
  'bert': 0.5427965837541301},
 'eng_160k_3': {'bl': 0.8943332709930802,
  'mnb': 0.8944579514992831,
  'cnb': 0.8932111464372545,
  'sgd': 0.8952683747896016,
  'lsvc': 0.8943332709930802,
  'bert': 0.8985100679508758},
 'any_160k_6': {'bl': 0.5145049597604342,
  'mnb': 0.5230519683074427,
  'cnb': 0.4853702663921642,
  'sgd': 0.5390854076985464,
  'lsvc': 0.5288539522116165,
  'bert': 0.5166261151662611},
 'any_160k_3': {'bl': 0.9161519745461352,
  'mnb': 0.9157776530039303,
  'cnb': 0.8522677646765238,
  'sgd': 0.9160272006987336,
  'lsvc': 0.9145923014536154,
  'bert': 0.9040489113481814}}

